1920106431
1920283578
1920460725
5407067979
12308712912
12308715099
12308717286
12308890059
12308892246
12308894433
12309067206
12309069393
12309071580
12351759633
12351761820
12351764007
12351936780
12351938967
12351941154
12352113927
12352116114
12352118301
12380459634
12380636781
12380813928
12394806354
12394808541
12394810728
12394983501
12394985688
12394987875
12395160648
12395162835
12395165022
15795674460
15795676647
15795678834
15838721181
15838723368
15838725555
15867421182
15881767902
15881770089
15881772276
22840812837
22840989984
22841167131
26327774385
43689772521
43689774708
43689776895
43689949668
43689951855
43689954042
43690126815
43690129002
43690131189
43732819242
43732821429
43732823616
43732996389
43732998576
43733000763
43733173536
43733175723
43733177910
43775865963
43775868150
43775870337
43776043110
43776045297
43776047484
43776220257
43776222444
43776224631
47176734069
47176736256
47176738443
47219780790
47219782977
47219785164
47219960124
47262827511
47262829698
47262831885
50663518470
50663520657
50663522844
50663695617
50663697804
50663699991
50706567378
50706744525
50749611912
50749614099
50749616286
50749789059
50749791246
50749793433
75070832130
75070834317
75070836504
75071009277
75071011464
75071013651
75071186424
75071188611
75071190798
75113878851
75113881038
75113883225
75114055998
75114058185
75114060372
75114233145
75114235332
75114237519
75156925572
75156927759
75156929946
75157102719
75157104906
75157107093
75157279866
75157282053
75157284240
78557793678
78557795865
78557798052
78600840399
78600842586
78600844773
78643887120
78643889307
78643891494
96063285258
96063462405
96063639552
99550246806
106451891739
106451893926
106451896113
106452068886
106452071073
106452073260
106452246033
106452248220
106452250407
106494938460
106494940647
106494942834
106495115607
106495117794
106495119981
106495292754
106495294941
106495297128
106523638461
106523815608
106523992755
106528773537
106537985181
106537987368
106537989555
106538162328
106538164515
106538166702
106538339475
106538341662
106538343849
109938853287
109938855474
109938857661
109981900008
109981902195
109981904382
110010600009
110024946729
110024948916
110024951103
116983991664
116984168811
116984345958
120470953212
137832951348
137832953535
137832955722
137833128495
137833130682
137833132869
137833305642
137833307829
137833310016
137875998069
137876000256
137876002443
137876059305
137876175216
137876177403
137876179590
137876236452
137876352363
137876354550
137876356737
137876413599
137909833146
137919044790
137919046977
137919049164
137919221937
137919224124
137919226311
137919399084
137919401271
137919403458
141319912896
141319915083
141319917270
141362843706
141362959617
141362961804
141362963991
141363020853
141363138951
141363198000
141406006338
141406008525
141406010712
144806520150
144806522337
144806524524
144806697297
144806699484
144806701671
144806874444
144806876631
144806878818
144849628107
144849746205
144849805254
144849923352
144849982401
144883401948
144892613592
144892615779
144892617966
144892790739
144892792926
144892795113
144892967886
144892970073
144892972260
169214010957
169214013144
169214015331
169214188104
169214190291
169214192478
169214365251
169214367438
169214369625
169257057678
169257059865
169257062052
169257234825
169257237012
169257239199
169257411972
169257414159
169257416346
169290892755
169300104399
169300106586
169300108773
169300281546
169300283733
169300285920
169300458693
169300460880
169300463067
172700972505
172700974692
172700976879
172744019226
172744021413
172744023600
172787065947
172787068134
172787070321
190206464085
190206641232
190206818379
193693425633
200595070566
200595072753
200595074940
200595247713
200595249900
200595252087
200595424860
200595427047
200595429234
200638117287
200638119474
200638121661
200638294434
200638296621
200638298808
200638471581
200638473768
200638475955
200666817288
200666994435
200667171582
200681164008
200681166195
200681168382
200681341155
200681343342
200681345529
200681518302
200681520489
200681522676
204082032114
204082034301
204082036488
204125078835
204125081022
204125083209
204153778836
204168125556
204168127743
204168129930
211127170491
211127347638
211127524785
214614132039
218904330546
218904337107
218904343668
218904507693
218904514254
218904520815
218904684840
218904691401
218904697962
219033470709
219033477270
219033483831
219033647856
219033654417
219033660978
219033825003
219033831564
219033838125
219162610872
219162617433
219162623994
219162788019
219162794580
219162801141
219162965166
219162971727
219162978288
231976130175
231976132362
231976134549
231976307322
231976309509
231976311696
231976484469
231976486656
231976488843
232019176896
232019179083
232019181270
232019354043
232019356230
232019358417
232019531190
232019533377
232019535564
232062223617
232062225804
232062227991
232062400764
232062402951
232062405138
232062577911
232062580098
232062582285
235463091723
235463093910
235463096097
235506138444
235506140631
235506142818
235506317778
235549185165
235549187352
235549189539
238949703351
238949876124
238949878311
238949880498
238950053271
238950055458
238950057645
238992925032
238993102179
239035969566
239035971753
239035973940
239036146713
239036148900
239036151087
263357189784
263357191971
263357194158
263357366931
263357369118
263357371305
263357544078
263357546265
263357548452
263400236505
263400238692
263400240879
263400413652
263400415839
263400418026
263400590799
263400592986
263400595173
263443283226
263443285413
263443287600
263443460373
263443462560
263443464747
263443637520
263443639707
263443641894
266844151332
266844153519
266844155706
266887198053
266887200240
266887202427
266930244774
266930246961
266930249148
272425762404
272425768965
272554902567
272554909128
272684042730
272684049291
272684219877
273587964849
273587971410
273588023871
273588030432
273588148557
273717105012
273717111573
273717164034
273717170595
273717288720
273846245175
273846251736
273846304197
273846310758
273846428883
273846481344
274750285338
274750291899
274879425501
274879432062
275008565664
275008572225
275912546805
276041686968
276170827131
276170833692
277074808272
277203948435
277333036110
277333036137
277333088598
277333095159
277333095186
277333154208
277333154235
277333213257
277333213284
277333265745
277333272306
277333272333
277333331355
277333331382
277333390404
277333390431
277333449453
277333449480
277333508502
277333508529
278237069739
278366209902
278495350065
279399331206
279528471369
279657611532
280561592673
280690732836
280819872999
281723854140
281852994303
281982134466
284220686457
294681039660
305141215716
305141392863
305141570010
399284394543
399284571690
399284748837
472507044111
482967397314
493427573370
493427750517
493427927664
501333867027
501333873588
501333880149
501334044174
501334050735
501334057296
501334221321
501334227882
501334234443
501463007190
501463013751
501463020312
501463184337
501463190898
501463197459
501463361484
501463368045
501463374606
501592147353
501592153914
501592160475
501592324500
501592331061
501592337622
501592501647
501592508208
501592514769
532801203786
554855298885
554855305446
554984439048
554984445609
555113579211
555113585772
556017501330
556017507891
556017560352
556017566913
556017685038
556146641493
556146648054
556146700515
556146707076
556146825201
556275781656
556275788217
556275840678
556275847239
556275965364
557179821819
557179828380
557308961982
557308968543
557438102145
557438108706
558342083286
558471223449
558600363612
559504344753
559633484916
559762625079
560666606220
560795746383
560924886546
561828867687
561958007850
562087148013
562991129154
563120269317
563249409480
564153390621
564282530784
564411670947
671387846499
702768906108
709742474910
734149965717
783763403508
783763410069
783763416630
783763580655
783763587216
783763593777
783763757802
783763764363
783763770924
783892543671
783892550232
783892556793
783892720818
783892727379
783892733940
783892897965
783892904526
783892911087
784021683834
784021690395
784021696956
784021860981
784021867542
784021874103
784022038128
784022044689
784022051250
837284835366
837284841927
837413975529
837413982090
837428508144
837543115692
837543122253
837543292839
837543476547
838447037811
838447044372
838447096833
838447103394
838447221519
838447398666
838576177974
838576184535
838576236996
838576243557
838576361682
838576538829
838705318137
838705324698
838705377159
838705383720
838705501845
838705678992
839609358300
839609364861
839738498463
839738505024
839867638626
839867645187
840771619767
840900759930
841029900093
841933881234
842063021397
842192161560
843096142701
843225282864
843354423027
844258404168
844387544331
844516684494
845420665635
845549805798
845678945961
846582927102
846712067265
846841207428
849208715874
849208893021
849209070168
852695677422
859669069077
859669246224
859669423371
863156030625
870129422280
870129599427
870129776574
873616383828
943351894701
943352071848
943352248995
946838856249
953812247904
953812425051
953812602198
957299209452
964272601107
964272778254
964272955401
967759562655
1037495073528
1037495250675
1037495427822
1040982035076
1047955426731
1047955603878
1047955781025
1051442388279
1058415779934
1058415957081
1058416134228
1061902741482
1066192939989
1066192946550
1066192953111
1066193117136
1066193123697
1066193130258
1066193294283
1066193300844
1066193307405
1066322080152
1066322086713
1066322093274
1066322257299
1066322263860
1066322270421
1066322434446
1066322441007
1066322447568
1066451220315
1066451226876
1066451233437
1066451397462
1066451404023
1066451410584
1066451574609
1066451581170
1066451587731
1131509295900
1141969649103
1152429825159
1152430002306
1152430179453
1246573003986
1246573181133
1319795653554
1330256006757
1340716182813
1340716359960
1340716537107
1348622476470
1348622483031
1348622489592
1348622653617
1348622660178
1348622666739
1348622830764
1348622837325
1348622843886
1348751616633
1348751623194
1348751629755
1348751793780
1348751800341
1348751806902
1348751970927
1348751977488
1348751984049
1348837716636
1348837893783
1348838070930
1348880756796
1348880763357
1348880769918
1348880933943
1348880940504
1348880947065
1348881111090
1348881117651
1348881124212
1380089636082
1380089813229
1380218723757
1380218776245
1380218782806
1380218953392
1380218959953
1380219130539
1380347916408
1380347922969
1380347975457
1380347982018
1380348093555
1380348100116
1380348152604
1380348159165
1380348270702
1380348277263
1380348336312
1547713862928
1631052012951
1631052019512
1631052026073
1631052190098
1631052196659
1631052203220
1631052367245
1631052373806
1631052380367
1631181153114
1631181159675
1631181166236
1631181330261
1631181336822
1631181343383
1631181507408
1631181513969
1631181520530
1631310293277
1631310299838
1631310306399
1631310470424
1631310476985
1631310483546
1631310647571
1631310654132
1631310660693
1696497325317
1696497502464
1696497679611
1699984286865
1706957678520
1706957855667
1706958032814
1710444640068
1717418031723
1717418208870
1717418386017
1720904993271
1790640504144
1790640681291
1790640858438
1794127465692
1801100857347
1801101034494
1801101211641
1804587818895
1811561210550
1811561387697
1811561564844
1815048172098
1884783682971
1884783860118
1884784037265
1888270644519
1895244036174
1895244213321
1895244390468
1898730997722
1905704389377
1905704566524
1905704743671
1909191350925
1913481549432
1913481555993
1913481562554
1913481726579
1913481733140
1913481739701
1913481903726
1913481910287
1913481916848
1913610689595
1913610696156
1913610702717
1913610866742
1913610873303
1913610879864
1913611043889
1913611050450
1913611057011
1913739829758
1913739836319
1913739842880
1913740006905
1913740013466
1913740020027
1913740184052
1913740190613
1913740197174
1967002987851
1967132128014
1967146476921
1967261268177
1968165249318
1968294389481
1968308738388
1968423529644
1969327510785
1969456650948
1969585791111
1970748052578
1971910314045
1971910491192
1971910668339
1974153869622
1975316131089
1976478392556
1978797905343
1989258258546
1999718434602
1999718611749
2093861613429
2093861790576
2167084262997
2177544616200
2188004792256
2188004969403
2195911085913
2195911092474
2195911099035
2195911263060
2195911269621
2195911276182
2195911440207
2195911446768
2195911453329
2196040226076
2196040232637
2196040239198
2196040403223
2196040409784
2196040416345
2196040580370
2196040586931
2196040593492
2196169366239
2196169372800
2196169379361
2196169543386
2196169549947
2196169556508
2196169720533
2196169727094
2196169733655
2249432524332
2249561664495
2249690804658
2250594720216
2250594726777
2250594785799
2250594897336
2250594897363
2250595074510
2250723866940
2250723925962
2250853007103
2250853066125
2256583406103
2257745667570
2258907929037
2347033890105
2347033949154
2347034008203
2348196151572
2348196210621
2348196269670
2349358413039
2349358472088
2349358531137
2441177068932
2441177127981
2441177187030
2442339330399
2442339389448
2442339448497
2443501591866
2443501650915
2443501709964
2478340622394
2478340628955
2478340635516
2478340799541
2478340806102
2478340812663
2478340976688
2478340983249
2478340989810
2478469762557
2478469769118
2478469775679
2478469939704
2478469946265
2478469952826
2478470116851
2478470123412
2478470129973
2478598902720
2478598909281
2478598915842
2478599079867
2478599086428
2478599092989
2478599257014
2478599263575
2478599270136
2535320247759
2535320306808
2535320365857
2536482509226
2536482568275
2536482627324
2537644770693
2537644829742
2537644888791
2543785934760
2543786111907
2543786289054
2547272896308
2554174541241
2554174543428
2554174545615
2554174718388
2554174720575
2554174722762
2554174895535
2554174897722
2554174899909
2554217587962
2554217590149
2554217592336
2554217765109
2554217767296
2554217769483
2554217942256
2554217944443
2554217946630
2554246287963
2554246465110
2554246642257
2554260634683
2554260636870
2554260639057
2554260811830
2554260814017
2554260816204
2554260988977
2554260991164
2554260993351
2557661502789
2557661504976
2557661507163
2557704549510
2557704551697
2557704553884
2557733249511
2557747596231
2557747598418
2557747600605
2564706641166
2564706818313
2564706995460
2568193602714
2585555600850
2585555603037
2585555605224
2585555777997
2585555780184
2585555782371
2585555955144
2585555957331
2585555959518
2585598647571
2585598649758
2585598651945
2585598824718
2585598826905
2585598829092
2585599001865
2585599004052
2585599006239
2585641694292
2585641696479
2585641698666
2585641871439
2585641873626
2585641875813
2585642048586
2585642050773
2585642052960
2589042562398
2589042564585
2589042566772
2589085609119
2589085611306
2589085613493
2589085788453
2589128655840
2589128658027
2589128660214
2592529346799
2592529348986
2592529351173
2592529523946
2592529526133
2592529528320
2592572395707
2592572572854
2592615440241
2592615442428
2592615444615
2592615617388
2592615619575
2592615621762
2616936660459
2616936662646
2616936664833
2616936837606
2616936839793
2616936841980
2616937014753
2616937016940
2616937019127
2616979707180
2616979709367
2616979711554
2616979884327
2616979886514
2616979888701
2616980061474
2616980063661
2616980065848
2617022753901
2617022756088
2617022758275
2617022931048
2617022933235
2617022935422
2617023108195
2617023110382
2617023112569
2620423622007
2620423624194
2620423626381
2620466668728
2620466670915
2620466673102
2620509715449
2620509717636
2620509719823
2637929113587
2637929290734
2637929467881
2641416075135
2648317720068
2648317722255
2648317724442
2648317897215
2648317899402
2648317901589
2648318074362
2648318076549
2648318078736
2648360766789
2648360768976
2648360771163
2648360943936
2648360946123
2648360948310
2648361121083
2648361123270
2648361125457
2648389466790
2648389643937
2648389821084
2648394601866
2648403813510
2648403815697
2648403817884
2648403990657
2648403992844
2648403995031
2648404167804
2648404169991
2648404172178
2651804681616
2651804683803
2651804685990
2651847728337
2651847730524
2651847732711
2651876428338
2651890775058
2651890777245
2651890779432
2658849819993
2658849997140
2658850174287
2662336781541
2679698779677
2679698781864
2679698784051
2679698956824
2679698959011
2679698961198
2679699133971
2679699136158
2679699138345
2679741826398
2679741828585
2679741830772
2679741887634
2679742003545
2679742005732
2679742007919
2679742064781
2679742180692
2679742182879
2679742185066
2679742241928
2679775661475
2679784873119
2679784875306
2679784877493
2679785050266
2679785052453
2679785054640
2679785227413
2679785229600
2679785231787
2683185741225
2683185743412
2683185745599
2683228672035
2683228787946
2683228790133
2683228792320
2683228849182
2683228967280
2683229026329
2683271834667
2683271836854
2683271839041
2686672348479
2686672350666
2686672352853
2686672525626
2686672527813
2686672530000
2686672702773
2686672704960
2686672707147
2686715456436
2686715574534
2686715633583
2686715751681
2686715810730
2686749230277
2686758441921
2686758444108
2686758446295
2686758619068
2686758621255
2686758623442
2686758796215
2686758798402
2686758800589
2711079839286
2711079841473
2711079843660
2711080016433
2711080018620
2711080020807
2711080193580
2711080195767
2711080197954
2711122886007
2711122888194
2711122890381
2711123063154
2711123065341
2711123067528
2711123240301
2711123242488
2711123244675
2711156721084
2711165932728
2711165934915
2711165937102
2711166109875
2711166112062
2711166114249
2711166287022
2711166289209
2711166291396
2714566800834
2714566803021
2714566805208
2714609847555
2714609849742
2714609851929
2714652894276
2714652896463
2714652898650
2732072292414
2732072469561
2732072646708
2735559253962
2742460898895
2742460901082
2742460903269
2742461076042
2742461078229
2742461080416
2742461253189
2742461255376
2742461257563
2742503945616
2742503947803
2742503949990
2742504122763
2742504124950
2742504127137
2742504299910
2742504302097
2742504304284
2742532645617
2742532822764
2742532999911
2742546992337
2742546994524
2742546996711
2742547169484
2742547171671
2742547173858
2742547346631
2742547348818
2742547351005
2745947860443
2745947862630
2745947864817
2745990907164
2745990909351
2745990911538
2746019607165
2746033953885
2746033956072
2746033958259
2752992998820
2752993175967
2752993353114
2756479960368
2760770158875
2760770165436
2760770171997
2760770336022
2760770342583
2760770349144
2760770513169
2760770519730
2760770526291
2760899299038
2760899305599
2760899312160
2760899476185
2760899482746
2760899489307
2760899653332
2760899659893
2760899666454
2761028439201
2761028445762
2761028452323
2761028616348
2761028622909
2761028629470
2761028793495
2761028800056
2761028806617
2773841958504
2773841960691
2773841962878
2773842135651
2773842137838
2773842140025
2773842312798
2773842314985
2773842317172
2773885005225
2773885007412
2773885009599
2773885182372
2773885184559
2773885186746
2773885359519
2773885361706
2773885363893
2773928051946
2773928054133
2773928056320
2773928229093
2773928231280
2773928233467
2773928406240
2773928408427
2773928410614
2777328920052
2777328922239
2777328924426
2777371966773
2777371968960
2777371971147
2777372146107
2777415013494
2777415015681
2777415017868
2780815704453
2780815706640
2780815708827
2780815881600
2780815883787
2780815885974
2780858753361
2780858930508
2780901797895
2780901800082
2780901802269
2780901975042
2780901977229
2780901979416
2805223018113
2805223020300
2805223022487
2805223195260
2805223197447
2805223199634
2805223372407
2805223374594
2805223376781
2805266064834
2805266067021
2805266069208
2805266241981
2805266244168
2805266246355
2805266419128
2805266421315
2805266423502
2805309111555
2805309113742
2805309115929
2805309288702
2805309290889
2805309293076
2805309465849
2805309468036
2805309470223
2808709979661
2808709981848
2808709984035
2808753026382
2808753028569
2808753030756
2808796073103
2808796075290
2808796077477
2814291590733
2814291597294
2814420730896
2814420737457
2814549871059
2814549877620
2814550048206
2815453793178
2815453799739
2815453852200
2815453858761
2815453976886
2815582933341
2815582939902
2815582992363
2815582998924
2815583117049
2815712073504
2815712080065
2815712132526
2815712139087
2815712257212
2815712309673
2816616113667
2816616120228
2816745253830
2816745260391
2816874393993
2816874400554
2817778375134
2817907515297
2818036655460
2818036662021
2818940636601
2819069776764
2819198864439
2819198864466
2819198916927
2819198923488
2819198923515
2819198982537
2819198982564
2819199041586
2819199041613
2819199094074
2819199100635
2819199100662
2819199159684
2819199159711
2819199218733
2819199218760
2819199277782
2819199277809
2819199336831
2819199336858
2820102898068
2820232038231
2820361178394
2821265159535
2821394299698
2821523439861
2822427421002
2822556561165
2822685701328
2823589682469
2823718822632
2823847962795
2826086514786
2836546867989
2847007221192
2847007398339
2941150577166
3006356736654
3014372872440
3024833225643
3035293578846
3035293755993
3043199695356
3043199701917
3043199708478
3043199872503
3043199879064
3043199885625
3043200049650
3043200056211
3043200062772
3043285801920
3043328835519
3043328842080
3043328848641
3043329012666
3043329019227
3043329025788
3043329189813
3043329196374
3043329202935
3043414942083
3043457975682
3043457982243
3043457988804
3043458152829
3043458159390
3043458165951
3043458329976
3043458336537
3043458343098
3043544075685
3043544082246
3043544252832
3043544429979
3074666854968
3074667032115
3074667209262
3074795995131
3074796172278
3074796349425
3096721127214
3096721133775
3096850267377
3096850273938
3096979407540
3096979414101
3097883329659
3097883336220
3097883388681
3097883395242
3097883513367
3098012469822
3098012476383
3098012528844
3098012535405
3098012653530
3098012830677
3098141609985
3098141616546
3098141669007
3098141675568
3098141793693
3099045650148
3099045656709
3099174790311
3099174796872
3099303930474
3099303937035
3100207911615
3100337051778
3100466191941
3101370173082
3101499313245
3101628453408
3102532434549
3102661574712
3102790714875
3103694696016
3103823836179
3103952976342
3104856957483
3104986097646
3105115237809
3106019218950
3106148359113
3106277499276
3213253674828
3244634734437
3251608303239
3276015794046
3325629231837
3325629238398
3325629244959
3325629408984
3325629415545
3325629422106
3325629586131
3325629592692
3325629599253
3325758372000
3325758378561
3325758385122
3325758549147
3325758555708
3325758562269
3325758726294
3325758732855
3325758739416
3325887512163
3325887518724
3325887525285
3325887689310
3325887695871
3325887702432
3325887866457
3325887873018
3325887879579
3379150663695
3379150670256
3379279803858
3379279810419
3379408944021
3379408950582
3380312866140
3380312872701
3380312925162
3380312931723
3380313049848
3380442006303
3380442012864
3380442065325
3380442071886
3380442190011
3380542498710
3380542505271
3380542511832
3380571146466
3380571153027
3380571205488
3380571212049
3380571330174
3380585560956
3380628607677
3381475186629
3381475193190
3381604326792
3381604333353
3381733466955
3381733473516
3382637448096
3382766588259
3382895728422
3382929451962
3383799709563
3383928849726
3384057989889
3384091713429
3384961971030
3385091111193
3385220251356
3385253974896
3386124232497
3386253372660
3386382512823
3387286493964
3387415634127
3387544774290
3388448755431
3388577895594
3388707035757
3391074544203
3391074721350
3391074898497
3394561505751
3401534897406
3401535074553
3401535251700
3405021858954
3411995250609
3411995427756
3411995604903
3415482212157
3485217723030
3485217900177
3485218077324
3488704684578
3495678076233
3495678253380
3495678430527
3499165037781
3506138429436
3506138606583
3506138783730
3509625390984
3579360901857
3579361079004
3579361256151
3582847863405
3589821255060
3589821432207
3589821609354
3593308216608
3600281608263
3600281785410
3600281962557
3603768569811
3608058768318
3608058774879
3608058781440
3608058945465
3608058952026
3608058958587
3608059122612
3608059129173
3608059135734
3608187908481
3608187915042
3608187921603
3608188085628
3608188092189
3608188098750
3608188262775
3608188269336
3608188275897
3608317048644
3608317055205
3608317061766
3608317225791
3608317232352
3608317238913
3608317402938
3608317409499
3608317416060
3673375124229
3683835477432
3694295830635
3861661481883
3872121835086
3882582188289
3890488304799
3890488311360
3890488317921
3890488481946
3890488488507
3890488495068
3890488659093
3890488665654
3890488672215
3890574404802
3890574411363
3890574581949
3890574759096
3890617444962
3890617451523
3890617458084
3890617622109
3890617628670
3890617635231
3890617799256
3890617805817
3890617812378
3890703551526
3890746585125
3890746591686
3890746598247
3890746762272
3890746768833
3890746775394
3890746939419
3890746945980
3890746952541
3890832691689
3921955405362
3921955411923
3921955464411
3921955470972
3921955523460
3921955530021
3921955582509
3921955589070
3921955641558
3921955648119
3921955700607
3921955707168
3921955759656
3921955766217
3921955818705
3921955825266
3921955877754
3921955884315
3922084545525
3922084552086
3922084604574
3922084611135
3922084663623
3922084670184
3922084722672
3922084729233
3922084781721
3922084788282
3922084840770
3922084847331
3922084899819
3922084906380
3922084958868
3922084965429
3922085017917
3922085024478
3922213685688
3922213692249
3922213744737
3922213751298
3922213803786
3922213810347
3922213862835
3922213869396
3922213921884
3922213928445
3922213980933
3922213987494
3922214039982
3922214046543
3922214099031
3922214105592
3922214158080
3922214164641
4162715774991
4162715952138
4162716129285
4172917841280
4172917847841
4172917854402
4172918018427
4172918024988
4172918031549
4172918195574
4172918202135
4172918208696
4173046981443
4173046988004
4173046994565
4173047158590
4173047165151
4173047171712
4173047335737
4173047342298
4173047348859
4173176121606
4173176128167
4173176134728
4173176298753
4173176305314
4173176311875
4173176475900
4173176482461
4173176489022
4238363153646
4238363330793
4238363507940
4241850115194
4248823506849
4248823683996
4248823861143
4252310468397
4259283860052
4259284037199
4259284214346
4262770821600
4332506332473
4332506509620
4332506686767
4335993294021
4342966685676
4342966862823
4342967039970
4346453647224
4353427038879
4353427216026
4353427393173
4356914000427
4426649511300
4426649688447
4426649865594
4430136472848
4437109864503
4437110041650
4437110218797
4440596826051
4447570217706
4447570394853
4447570572000
4451057179254
4455347377761
4455347384322
4455347390883
4455347554908
4455347561469
4455347568030
4455347732055
4455347738616
4455347745177
4455476517924
4455476524485
4455476531046
4455476695071
4455476701632
4455476708193
4455476872218
4455476878779
4455476885340
4455605658087
4455605664648
4455605671209
4455605835234
4455605841795
4455605848356
4455606012381
4455606018942
4455606025503
4510160158761
4510160335908
4510160513055
4510289298924
4510289476071
4510289653218
4513646943162
4513647120309
4513647297456
4513776083325
4513776260472
4513776437619
4516019697951
4517133727563
4517133904710
4517134081857
4517181959418
4517262867726
4517263044873
4517263222020
4518344220885
4520663733672
4531124086875
4541584440078
4541584617225
4635727796052
4708950091326
4719410444529
4729870797732
4729870974879
4737776914242
4737776920803
4737776927364
4737777091389
4737777097950
4737777104511
4737777268536
4737777275097
4737777281658
4737863020806
4737906054405
4737906060966
4737906067527
4737906231552
4737906238113
4737906244674
4737906408699
4737906415260
4737906421821
4737992160969
4738035194568
4738035201129
4738035207690
4738035371715
4738035378276
4738035384837
4738035548862
4738035555423
4738035561984
4738121301132
4792460548545
4792460725665
4792460725692
4792460902839
4798449234432
4799611495899
4800773757366
4888899718434
4888899777483
4888899836532
4890061979901
4890062038950
4890062097999
4891224241368
4891224300417
4891224359466
4983042897261
4983042956310
4983043015359
4984205158728
4984205217777
4984205276826
4985367420195
4985367479244
4985367538293
5020206450723
5020206457284
5020206463845
5020206627870
5020206634431
5020206640992
5020206805017
5020206811578
5020206818139
5020335590886
5020335597447
5020335604008
5020335768033
5020335774594
5020335781155
5020335945180
5020335951741
5020335958302
5020464731049
5020464737610
5020464744171
5020464908196
5020464914757
5020464921318
5020465085343
5020465091904
5020465098465
5077186076088
5077186135137
5077186194186
5078348337555
5078348396604
5078348455653
5079510599022
5079510658071
5079510717120
5085651763089
5085651940236
5085652117383
5089138724637
5096040369570
5096040371757
5096040373944
5096040546717
5096040548904
5096040551091
5096040723864
5096040726051
5096040728238
5096083416291
5096083418478
5096083420665
5096083593438
5096083595625
5096083597812
5096083770585
5096083772772
5096083774959
5096112116292
5096112293439
5096112470586
5096126463012
5096126465199
5096126467386
5096126640159
5096126642346
5096126644533
5096126817306
5096126819493
5096126821680
5099527331118
5099527333305
5099527335492
5099570377839
5099570380026
5099570382213
5099599077840
5099613424560
5099613426747
5099613428934
5106572469495
5106572646642
5106572823789
5110059431043
5127421429179
5127421431366
5127421433553
5127421606326
5127421608513
5127421610700
5127421783473
5127421785660
5127421787847
5127464475900
5127464478087
5127464480274
5127464653047
5127464655234
5127464657421
5127464830194
5127464832381
5127464834568
5127507522621
5127507524808
5127507526995
5127507699768
5127507701955
5127507704142
5127507876915
5127507879102
5127507881289
5130908390727
5130908392914
5130908395101
5130951437448
5130951439635
5130951441822
5130951616782
5130994484169
5130994486356
5130994488543
5134395175128
5134395177315
5134395179502
5134395352275
5134395354462
5134395356649
5134438224036
5134438401183
5134481268570
5134481270757
5134481272944
5134481445717
5134481447904
5134481450091
5158802488788
5158802490975
5158802493162
5158802665935
5158802668122
5158802670309
5158802843082
5158802845269
5158802847456
5158845535509
5158845537696
5158845539883
5158845712656
5158845714843
5158845717030
5158845889803
5158845891990
5158845894177
5158888582230
5158888584417
5158888586604
5158888759377
5158888761564
5158888763751
5158888936524
5158888938711
5158888940898
5162289450336
5162289452523
5162289454710
5162332497057
5162332499244
5162332501431
5162375543778
5162375545965
5162375548152
5179794941916
5179795119063
5179795296210
5183281903464
5190183548397
5190183550584
5190183552771
5190183725544
5190183727731
5190183729918
5190183902691
5190183904878
5190183907065
5190226595118
5190226597305
5190226599492
5190226772265
5190226774452
5190226776639
5190226949412
5190226951599
5190226953786
5190255295119
5190255472266
5190255649413
5190260430195
5190269641839
5190269644026
5190269646213
5190269818986
5190269821173
5190269823360
5190269996133
5190269998320
5190270000507
5193670509945
5193670512132
5193670514319
5193713556666
5193713558853
5193713561040
5193742256667
5193756603387
5193756605574
5193756607761
5200715648322
5200715825469
5200716002616
5204202609870
5208665187717
5221564608006
5221564610193
5221564612380
5221564785153
5221564787340
5221564789527
5221564962300
5221564964487
5221564966674
5221607654727
5221607656914
5221607659101
5221607715963
5221607831874
5221607834061
5221607836248
5221607893110
5221608009021
5221608011208
5221608013395
5221608070257
5221641489804
5221641494178
5221650701448
5221650703635
5221650705822
5221650878595
5221650880782
5221650882969
5221651055742
5221651057929
5221651060116
5225051569554
5225051571741
5225051573928
5225094500364
5225094616275
5225094618462
5225094620649
5225094677511
5225094795609
5225094854658
5225137662996
5225137665183
5225137667370
5228538176808
5228538178995
5228538181182
5228538353955
5228538356142
5228538358329
5228538531102
5228538533289
5228538535476
5228581284765
5228581402863
5228581461912
5228581580010
5228581639059
5228615058606
5228615062980
5228624270250
5228624272437
5228624274624
5228624447397
5228624449584
5228624451771
5228624624544
5228624626731
5228624628918
5252945667615
5252945669802
5252945671989
5252945844762
5252945846949
5252945849136
5252946021909
5252946024096
5252946026283
5252988714336
5252988716523
5252988718710
5252988891483
5252988893670
5252988895857
5252989068630
5252989070817
5252989073004
5253022549413
5253031761057
5253031763244
5253031765431
5253031938204
5253031940391
5253031942578
5253032115351
5253032117538
5253032119725
5256432629163
5256432631350
5256432633537
5256475675884
5256475678071
5256475680258
5256518722605
5256518724792
5256518726979
5273938120743
5273938297890
5273938475037
5277425082291
5284326727224
5284326729411
5284326731598
5284326904371
5284326906558
5284326908745
5284327081518
5284327083705
5284327085892
5284369773945
5284369776132
5284369778319
5284369951092
5284369953279
5284369955466
5284370128239
5284370130426
5284370132613
5284398473946
5284398651093
5284398828240
5284412820666
5284412822853
5284412825040
5284412997813
5284413000000
5284413002187
5284413174960
5284413177147
5284413179334
5287813688772
5287813690959
5287813693146
5287856735493
5287856737680
5287856739867
5287885435494
5287899782214
5287899784401
5287899786588
5294858827149
5294859004296
5294859181443
5298345788697
5302635987204
5302635993765
5302635995952
5302636000326
5302636002513
5302636164351
5302636170912
5302636173099
5302636177473
5302636179660
5302636341498
5302636348059
5302636350246
5302636354620
5302636356807
5302765127367
5302765133928
5302765140489
5302765304514
5302765311075
5302765317636
5302765481661
5302765488222
5302765494783
5302894267530
5302894274091
5302894280652
5302894444677
5302894451238
5302894457799
5302894621824
5302894628385
5302894634946
5315707786833
5315707789020
5315707791207
5315707963980
5315707966167
5315707968354
5315708141127
5315708143314
5315708145501
5315750833554
5315750835741
5315750837928
5315751010701
5315751012888
5315751015075
5315751187848
5315751190035
5315751192222
5315793880275
5315793882462
5315793884649
5315794057422
5315794059609
5315794061796
5315794234569
5315794236756
5315794238943
5319194748381
5319194750568
5319194752755
5319237795102
5319237797289
5319237799476
5319237974436
5319280841823
5319280844010
5319280846197
5322681360009
5322681532782
5322681534969
5322681537156
5322681709929
5322681712116
5322681714303
5322724581690
5322724758837
5322767449077
5322767453451
5322767626224
5322767628411
5322767630598
5322767803371
5322767805558
5322767807745
5347088846442
5347088848629
5347088850816
5347089023589
5347089025776
5347089027963
5347089200736
5347089202923
5347089205110
5347131893163
5347131895350
5347131897537
5347132070310
5347132072497
5347132074684
5347132247457
5347132249644
5347132251831
5347174939884
5347174942071
5347174944258
5347175117031
5347175119218
5347175121405
5347175294178
5347175296365
5347175298552
5350575807990
5350575810177
5350575812364
5350618854711
5350618856898
5350618859085
5350661901432
5350661903619
5350661905806
5354148685833
5356157419062
5356157425623
5356286559225
5356286565786
5356415699388
5356415705949
5356415876535
5357319621507
5357319628068
5357319680529
5357319687090
5357319805215
5357448761670
5357448768231
5357448820692
5357448827253
5357448945378
5357577901833
5357577908394
5357577960855
5357577967416
5357578085541
5357578138002
5358481941996
5358481948557
5358611082159
5358611088720
5358740222322
5358740228883
5359644203463
5359773343626
5359902483789
5359902490350
5360806464930
5360935605093
5361064692768
5361064692795
5361064745256
5361064751817
5361064751844
5361064810866
5361064810893
5361064869915
5361064869942
5361064922403
5361064928964
5361064928991
5361064988013
5361064988040
5361065047062
5361065047089
5361065106111
5361065106138
5361065165160
5361065165187
5361968726397
5362097866560
5362227006723
5363130987864
5363260128027
5363389268190
5364293249331
5364422389494
5364551529657
5365455510798
5365584650961
5365713791124
5367952343115
5378412696318
5388873049521
5388873226668
5454079386156
5455241647623
5456403909090
5483016405495
5504071030659
5511044599461
5548222564983
5549384826450
5550547087917
5556238700769
5566699053972
5577159407175
5577159584322
5585065523685
5585065530246
5585065536807
5585065700832
5585065707393
5585065713954
5585065877979
5585065884540
5585065891101
5585194663848
5585194670409
5585194676970
5585194840995
5585194847556
5585194854117
5585195018142
5585195024703
5585195031264
5585323804011
5585323810572
5585323817133
5585323981158
5585323987719
5585323994280
5585324158305
5585324164866
5585324171427
5585409910575
5585410087722
5585410264869
5616661823460
5616662000607
5616662177754
5616790963623
5616791140770
5616791317917
5638586955543
5638586962104
5638716095706
5638716102267
5638845235869
5638845242430
5639749157988
5639749164549
5639749217010
5639749223571
5639749341696
5639749518843
5639878298151
5639878304712
5639878357173
5639878363734
5639878481859
5639878659006
5640007438314
5640007444875
5640007497336
5640007503897
5640007622022
5640007799169
5640911478477
5640911485038
5641040618640
5641040625201
5641169758803
5641169765364
5642073739944
5642202880107
5642332020270
5642365743810
5643236001411
5643365141574
5643494281737
5643528005277
5644398262878
5644527403041
5644656543204
5644690266744
5645560524345
5645689664508
5645818804671
5646722785812
5646851925975
5646981066138
5647885047279
5648014187442
5648143327605
5734121969358
5734121969385
5734121975919
5734121975946
5734121978106
5734121978349
5734121982480
5734121982507
5734121984667
5734121984910
5734165031631
5734193729445
5734208078352
5736446498853
5736446608203
5736446614764
5736446615007
5736446621325
5736446621568
5736446621595
5736446667252
5736446673813
5736446674056
5736446680374
5736446680617
5736446680644
5736446726301
5736446732862
5736446733105
5736446739423
5736446739666
5736446739693
5736489668289
5736489668316
5736489727338
5736489727365
5736489786387
5736489786414
5736532715010
5736532715037
5736532774059
5736532774086
5736532833108
5736532833135
5737608760320
5737608760347
5737608869670
5737608876231
5737608876474
5737608882792
5737608883035
5737608883062
5737608928719
5737608935280
5737608935523
5737608941841
5737608942084
5737608942111
5737608987768
5737608994329
5737608994572
5737609000890
5737609001133
5737609001160
5737651929756
5737651929783
5737651988805
5737651988832
5737652047854
5737652047881
5737694976477
5737694976504
5737695035526
5737695035553
5737695094575
5737695094602
5738771021787
5738771131137
5738771137698
5738771137941
5738771144259
5738771144502
5738771144529
5738771190186
5738771196747
5738771196990
5738771203308
5738771203551
5738771203578
5738771249235
5738771255796
5738771256039
5738771262357
5738771262600
5738771262627
5738814191223
5738814191250
5738814250272
5738814250299
5738814309321
5738814309348
5738857237944
5738857237971
5738857296993
5738857297020
5738857356042
5738857356069
5755119503157
5755128714801
5755128716988
5755128719175
5755128891948
5755128894135
5755128896322
5755129069095
5755129071282
5755129073469
5758615676349
5758615678536
5758615680723
5786500562766
5786500567140
5786509774410
5786509776597
5786509778784
5786509951557
5786509953744
5786509955931
5786510128704
5786510130891
5786510133078
5789996735958
5789996738145
5789996740332
5793474131568
5793474135942
5793483343212
5793483345399
5793483347586
5793483520359
5793483522546
5793483524733
5793483697506
5793483699693
5793483701880
5794444905633
5817881622375
5817890834019
5817890836206
5817890838393
5817891011166
5817891013353
5817891015540
5817891188313
5817891190500
5817891192687
5821377795567
5821377797754
5821377799941
5828265148185
5828265148212
5828265154746
5828265154773
5828265156933
5828265157176
5828265161307
5828265161334
5828265163494
5828265163737
5828308210458
5828336908272
5828351257179
5830589677680
5830589787030
5830589793591
5830589793834
5830589800152
5830589800395
5830589800422
5830589846079
5830589852640
5830589852883
5830589859201
5830589859444
5830589859471
5830589905128
5830589911689
5830589911932
5830589918250
5830589918493
5830589918520
5830632847116
5830632847143
5830632906165
5830632906192
5830632965214
5830632965241
5830675893837
5830675893864
5830675952886
5830675952913
5830676011935
5830676011962
5831751939147
5831751939174
5831752048497
5831752055058
5831752055301
5831752061619
5831752061862
5831752061889
5831752107546
5831752114107
5831752114350
5831752120668
5831752120911
5831752120938
5831752166595
5831752173156
5831752173399
5831752179717
5831752179960
5831752179987
5831795108583
5831795108610
5831795167632
5831795167659
5831795226681
5831795226708
5831838155304
5831838155331
5831838214353
5831838214380
5831838273402
5831838273429
5832914200614
5832914309964
5832914316525
5832914316768
5832914323086
5832914323329
5832914323356
5832914369013
5832914375574
5832914375817
5832914382135
5832914382378
5832914382405
5832914428062
5832914434623
5832914434866
5832914441184
5832914441427
5832914441454
5832957370050
5832957370077
5832957429099
5832957429126
5832957488148
5832957488175
5833000416771
5833000416798
5833000475820
5833000475847
5833000534869
5833000534896
5867495060166
5867495066727
5867495073288
5867495237313
5867495243874
5867495250435
5867495414460
5867495421021
5867495427582
5867624200329
5867624206890
5867624213451
5867624377476
5867624384037
5867624390598
5867624554623
5867624561184
5867624567745
5867753340492
5867753347053
5867753353614
5867753517639
5867753524200
5867753530761
5867753694786
5867753701347
5867753707908
5888588084460
5921016492024
5921016498585
5921145632187
5921145638748
5921274772350
5921274778911
5922178694469
5922178701030
5922178753491
5922178760052
5922178878177
5922307834632
5922307841193
5922307893654
5922307900215
5922308018340
5922408276981
5922408327012
5922408327039
5922408333573
5922408333600
5922408335760
5922408336003
5922408340134
5922408340161
5922408342321
5922408342564
5922436974795
5922436981356
5922437033817
5922437040378
5922437158503
5922451389285
5922480087099
5922494436006
5923341014958
5923341021519
5923470155121
5923470161682
5923599295284
5923599301845
5924503276425
5924632416588
5924732856507
5924732858694
5924732965857
5924732972418
5924732972661
5924732978979
5924732979222
5924732979249
5924733024906
5924733031467
5924733031710
5924733038028
5924733038271
5924733038298
5924733083955
5924733090516
5924733090759
5924733097077
5924733097320
5924733097347
5924761556751
5924776025943
5924776025970
5924776084992
5924776085019
5924776144041
5924776144068
5924795280291
5924819072664
5924819072691
5924819131713
5924819131740
5924819190762
5924819190789
5925665537892
5925794678055
5925895117974
5925895118001
5925895120161
5925895227324
5925895233885
5925895234128
5925895240446
5925895240689
5925895240716
5925895286373
5925895292934
5925895293177
5925895299495
5925895299738
5925895299765
5925895345422
5925895351983
5925895352226
5925895358544
5925895358787
5925895358814
5925923818218
5925938287410
5925938287437
5925938346459
5925938346486
5925938405508
5925938405535
5925957541758
5925981334131
5925981334158
5925981393180
5925981393207
5925981452229
5925981452256
5926827799359
5926956939522
5927057379441
5927057381628
5927057488791
5927057495352
5927057495595
5927057501913
5927057502156
5927057502183
5927057547840
5927057554401
5927057554644
5927057560962
5927057561205
5927057561232
5927057606889
5927057613450
5927057613693
5927057620011
5927057620254
5927057620281
5927086079685
5927100548877
5927100548904
5927100607926
5927100607953
5927100666975
5927100667002
5927119803225
5927143595598
5927143595625
5927143654647
5927143654674
5927143713696
5927143713723
5927990060826
5928119200989
5928248341152
5929152322293
5929281462456
5929410602619
5930314583760
5930443723923
5930572864086
5932940372532
5932940549679
5932940726826
5936427334080
5943400725735
5943400902882
5943401080029
5946887687283
5953861078938
5953861256085
5953861433232
5957348040486
6027083551359
6027083728506
6027083905653
6030570512907
6037543904562
6037544081709
6037544258856
6041030866110
6048004257765
6048004434912
6048004612059
6051491219313
6121226730186
6121226907333
6121227084480
6124713691734
6131687083389
6131687260536
6131687437683
6135174044937
6142147436592
6142147613739
6142147790886
6145634398140
6149924596647
6149924603208
6149924605395
6149924609769
6149924611956
6149924773794
6149924780355
6149924782542
6149924786916
6149924789103
6149924950941
6149924957502
6149924959689
6149924964063
6149924966250
6150053736810
6150053743371
6150053749932
6150053913957
6150053920518
6150053927079
6150054091104
6150054097665
6150054104226
6150182876973
6150182883534
6150182890095
6150183054120
6150183060681
6150183067242
6150183231267
6150183237828
6150183244389
6215240952558
6225701305761
6236161481817
6236161658964
6236161836111
6403527310212
6413987663415
6424447839471
6424448016618
6424448193765
6432354133128
6432354139689
6432354146250
6432354310275
6432354316836
6432354323397
6432354487422
6432354493983
6432354500544
6432483273291
6432483279852
6432483286413
6432483450438
6432483456999
6432483463560
6432483627585
6432483634146
6432483640707
6432612413454
6432612420015
6432612426576
6432612590601
6432612597162
6432612603723
6432612767748
6432612774309
6432612780870
6463821233691
6463821240252
6463821292740
6463821299301
6463821351789
6463821358350
6463821410838
6463821417399
6463821469887
6463821476448
6463821528936
6463821535497
6463821587985
6463821594546
6463821647034
6463821653595
6463821706083
6463821712644
6463950373854
6463950380415
6463950432903
6463950439464
6463950491952
6463950498513
6463950551001
6463950557562
6463950610050
6463950616611
6463950669099
6463950675660
6463950728148
6463950734709
6463950787197
6463950793758
6463950846246
6463950852807
6464079514017
6464079520578
6464079573066
6464079579627
6464079632115
6464079638676
6464079691164
6464079697725
6464079750213
6464079756774
6464079809262
6464079815823
6464079868311
6464079874872
6464079927360
6464079933921
6464079986409
6464079992970
6714783669609
6714783676170
6714783682731
6714783846756
6714783853317
6714783859878
6714784023903
6714784030464
6714784037025
6714912809772
6714912816333
6714912822894
6714912986919
6714912993480
6714913000041
6714913164066
6714913170627
6714913177188
6715041949935
6715041956496
6715041963057
6715042127082
6715042133643
6715042140204
6715042304229
6715042310790
6715042317351
6735704441409
6735962721735
6780228981975
6780229159122
6780229336269
6783715943523
6790689335178
6790689512325
6790689689472
6794176296726
6801149688381
6801149865528
6801150042675
6804636649929
6808955561316
6840336620925
6842991101193
6842991278340
6842991455487
6863658437061
6863787577224
6863916715200
6863916717387
6867145221462
6867274361625
6867403499601
6867403501788
6870632005863
6870761146026
6870890284002
6870890286189
6871717680534
6874372160802
6874372337949
6874372515096
6877859122350
6884832514005
6884832691152
6884832868299
6888319475553
6895292867208
6895293044355
6895293221502
6898779828756
6903098740143
6934479799752
6937134280020
6937134457167
6937134634314
6957801615888
6957930756051
6958059894027
6958059896214
6961288400289
6961417540452
6961546678428
6961546680615
6964775184690
6964904324853
6965033462829
6965033465016
6965860859361
6968515339629
6968515516776
6968515693923
6972002301177
6978975692832
6978975869979
6978976047126
6982462654380
6989278334877
6989278512024
6989278689171
6989436046035
6989436223182
6989436400329
6992765119278
6992765296425
6992765473572
6992923007583
6996251903679
6996252080826
6996252257973
6997213206090
6997213212651
6997213214838
6997213219212
6997213221399
6997213383237
6997213389798
6997213391985
6997213396359
6997213398546
6997213560384
6997213566945
6997213569132
6997213573506
6997213575693
6997241918970
6997342346253
6997342352814
6997342359375
6997342523400
6997342529961
6997342536522
6997342700547
6997342707108
6997342713669
6997471486416
6997471492977
6997471499538
6997471663563
6997471670124
6997471676685
6997471840710
6997471847271
6997471853832
7020659394486
7020659571633
7020659748780
7024146178887
7024146356034
7024146533181
7027632963288
7027633140435
7027633317582
7028622978579
7031277458847
7031277635994
7031277813141
7050734644509
7050734821656
7050734998803
7050863784672
7050863961819
7050864138966
7050878133579
7050878310726
7050878487873
7050911961852
7050911966469
7050992924835
7050993101982
7050993279129
7051896846927
7051896905976
7051896965025
7051897024074
7051897083123
7051897142172
7051897201221
7051897260270
7051897319319
7051944794715
7051988195730
7051997702619
7052016539250
7052016716397
7052016893544
7052025987090
7052026046139
7052026105188
7052026164237
7052026223286
7052026282335
7052026341384
7052026400433
7052026459482
7052031242451
7052040395046
7052040454095
7052040572193
7052040631242
7052040749340
7052040808389
7052073934878
7052074227936
7052074286985
7052074289172
7052155127253
7052155179741
7052155186302
7052155245351
7052155304400
7052155356888
7052155363449
7052155422498
7052155481547
7052155534035
7052155540596
7052155599645
7052203072854
7052203075041
7054221428910
7054221606057
7054221783204
7054350569073
7054350746220
7054350923367
7054364917980
7054365095127
7054365272274
7054398746253
7054398750870
7054479709236
7054479886383
7054480063530
7055383631328
7055383690377
7055383749426
7055383808475
7055383867524
7055383926573
7055383985622
7055384044671
7055384103720
7055431579116
7055474980131
7055503323651
7055503500798
7055503677945
7055512771491
7055512830540
7055512889589
7055512948638
7055513007687
7055513066736
7055513125785
7055513184834
7055513243883
7055518026852
7055527179447
7055527238496
7055527356594
7055527415643
7055527533741
7055527592790
7055560719279
7055561012337
7055561071386
7055561073573
7055641911654
7055641964142
7055641970703
7055642029752
7055642088801
7055642141289
7055642147850
7055642206899
7055642265948
7055642318436
7055642324997
7055642384046
7055689857255
7055689859442
7057708213311
7057708390458
7057708567605
7057837353474
7057837530621
7057837707768
7057851702381
7057851879528
7057852056675
7057885526280
7057885530654
7057885535271
7057966493637
7057966670784
7057966847931
7058870415729
7058870474778
7058870533827
7058870592876
7058870651925
7058870710974
7058870770023
7058870829072
7058870888121
7058918363517
7058961764532
7058990108052
7058990285199
7058990462346
7058999555892
7058999614941
7058999673990
7058999733039
7058999792088
7058999851137
7058999910186
7058999969235
7059000028284
7059004811253
7059013963848
7059014022897
7059014140995
7059014200044
7059014318142
7059014377191
7059047503680
7059047787747
7059047796738
7059047855787
7059047857974
7059128696055
7059128748543
7059128755104
7059128814153
7059128873202
7059128925690
7059128932251
7059128991300
7059129050349
7059129102837
7059129109398
7059129168447
7059176641656
7059176643843
7060004038188
7060210049214
7062529562001
7066073564883
7072989915204
7083450091260
7083450268407
7083450445554
7160216743710
7160216920857
7177593270087
7177593624381
7250815919655
7254359922537
7261276272858
7271698659714
7271736448914
7271736626061
7271736803208
7275185444115
7278672228516
7279642742571
7279642749132
7279642755693
7279642919718
7279642926279
7279642932840
7279643096865
7279643103426
7279643109987
7279771882734
7279771889295
7279771895856
7279772059881
7279772066442
7279772073003
7279772237028
7279772243589
7279772250150
7279901022897
7279901029458
7279901036019
7279901200044
7279901206605
7279901213166
7279901377191
7279901383752
7279901390313
7334326376874
7334326553994
7334326554021
7334326731168
7334369777889
7335666016893
7340315062761
7341477324228
7342639585695
7430765437413
7430765546763
7430765605812
7430765664861
7431927698880
7431927698907
7431927808230
7431927867279
7431927926328
7433089960347
7433090069697
7433090128746
7433090187795
7524908616240
7524908725590
7524908784639
7524908843688
7526070877707
7526070877734
7526070987057
7526071046106
7526071105155
7527233139174
7527233248524
7527233307573
7527233366622
7562072279052
7562072285613
7562072292174
7562072456199
7562072462760
7562072469321
7562072633346
7562072639907
7562072646468
7562100980997
7562100983184
7562100985371
7562201419215
7562201425776
7562201432337
7562201596362
7562201602923
7562201609484
7562201773509
7562201780070
7562201786631
7562330559378
7562330565939
7562330572500
7562330736525
7562330743086
7562330749647
7562330913672
7562330920233
7562330926794
7619051795067
7619051904417
7619051963466
7619052022515
7620214056534
7620214056561
7620214165884
7620214224933
7620214283982
7621376318001
7621376427351
7621376486400
7621376545449